51.8
51.79
51.54
51.28
51.06
51.8
52.45
52.65
52.45
52.24
52.19
51.72
51.63
52.01
51.53
51.68
51.66
51.11
50.52
50.56
49.65
49.93
49.85
49.62
49.79
49.37
48.6
48.24
48.46
49.32
49.18
49.15
48.9
48.58
48.26
48.58
47.83
47.54
48.07
48.73
49.08
49.93
50.03
49.05
49.65
49.84
50.04
50.1
50.62
50.16
50.21
49.62
49.99
49.31
49.8
50.45
50.32
50.55
50.43
50.74
50.91
50.08
50.44
50.94
51.47
51.43
52.27
52.88
53.31
53.42
53.81
53.76
53.92
53.32
53.16
51.1
50.53
51.31
52.29
52.16
51.11
50.24
50.59
51.38
50.29
50.86
50.39
50.29
51.13
51.41
51.64
52
52.47
52.65
52.82
52.72
53.04
53.5
54.01
53.23
53.32
54.2
54.39
54.74
55.17
54.73
54.47
55.93
55.96
56.53
56.77
56.23
57.28
57.45
58.01
57.66
57.01
57.53
56.71
57.27
57
56.81
56.17
56.44
56.39
56.81
57.05
57.6
54.88
55.22
56.05
56.31
55.9
55.44
56.25
55.48
56.48
56.69
56.82
56.89
56.3
56.44
57.46
57.17
57.28
56.57
56.83
57.42
57.81
57.86
57.32
56.19
56.14
56.14
56.61
58.19
58.69
58.94
57.68
58.43
58.96
59.22
59.99
59.98
59.84
59.14
59.71
59.54
59.28
58.84
59.06
59.64
59.58
59.48
60.26
59.86
60.39
60
59.64
61.8
60.82
61.72
61.8
62.8
64.25
64.37
64.7
65.21
63.61
63.4
63.97
65.39
66.34
65.75
64.75
64.82
64.38
65.48
65.44
65.94
66.33
66.35
67.71
64.48
64.49
64.97
68.41
67.56
67.53
67
68.03
68.34
67.89
67.77
67.66
68.24
68.55
69.62
67.67
67.21
67.27
67.21
67.29
66.8
68.37
68.26
68.58
69.15
69.27
68.7
69.15
69.45
70.03
69.75
70.04
70.04
70.09
70.9
71.34
71.84
70.52
67.92
68.89
70.44
71.05
71.81
72.03
72.39
73.82
73.56
74.07
73.2
74.02
74.29
74.51
74.52
74.94
74.71
75.2
73.33
72.64
73.4
73.41
73.15
