108.63
109.47
107.97
108.61
108.56
109.29
109.66
109.69
109.92
109.56
109.75
109.62
108.81
109.73
109.89
109.73
110.32
110.11
110.53
109.66
109.66
108.66
107.89
109.36
109.98
109.31
109.54
110.42
110.85
112.57
111.97
112.87
113.75
113.11
113.79
114.33
112.4
113.48
115.13
114.97
115.7
117.1
115.19
115.6
116.44
118.05
117.85
118.3
119.07
118.86
119.58
119.31
119.33
118.8
118.91
118.25
118.46
119.84
120.03
120
121.12
121.69
110.53
108.55
109.35
111
108
106.99
107.52
107.16
109.05
106.94
106.45
100.02
98.84
95.36
95.89
99.23
102.17
102.48
101.88
99.51
101.89
101.99
100.97
104.01
101.91
102.6
104.48
103.82
103.43
103.96
104.2
102.84
103.41
102.49
101.57
100.62
100.3
98.49
99.42
102.2
102.67
103
103.85
103.77
103.39
104.61
105.56
106.35
106.59
105.73
107.89
108.24
109.47
109.84
110.09
113.25
113.09
113.52
113.77
114.34
115.04
113.74
115.04
115.54
113.25
113
115.67
116.42
117.42
116.52
116.21
114.84
115.92
116.13
118.14
118.71
120.07
119.42
117.95
118.67
115.13
113.47
115.39
114
111.89
114.24
113.83
112.48
111.47
110.76
108.04
109.35
112.16
113.79
112.01
107.72
106.59
106.74
105.56
105.86
107.25
107.08
106.34
105.08
102.98
100.9
100.36
99.5
99.25
99.92
101.46
98.48
99.11
93.9
93.97
92.54
94.02
96.9
95.29
96.27
94.32
93.53
95.82
95.15
93.12
95.14
95.43
93.9
92.12
92.32
88.85
90.31
91.15
92.91
95.5
95.17
95.01
96.37
95.38
95.43
95.65
95.31
95.52
97.65
97
98.82
98.48
99.39
97.82
97.66
97.04
97.94
98.81
98.24
98.44
99.6
99.2
98.46
97.58
96.83
97.22
98.09
98.16
98.91
99.31
99.07
98.68
97
97.48
96.16
96.42
96.27
97.35
99.48
98.63
98.59
101.48
102.64
103.27
102.91
103.77
104.57
104.89
105.28
104.03
103.26
104.36
103.78
103.67
104.93
105.54
105.34
106.6
102.29
101.71
100.52
100.36
99.94
99
98.41
99.78
99.18
