530.7
538.22
535.7
529.04
529.62
538.4
533.85
532.3
537.36
539.27
542.51
540.11
532.32
539.79
539.78
532.11
533.99
539.18
540.31
536.7
533.33
526.83
526.69
536.69
534.61
532.33
527.2
528.15
529.26
536.73
536.69
538.19
540.48
537.84
535.23
531.69
521.52
520.51
521.84
523.4
522.86
525.02
516.83
520.68
530.13
546.55
561.1
560.22
579.85
672.93
663.02
662.3
662.1
644.28
623.56
627.26
628
631.93
632.59
625.61
631.21
629.25
643.78
642.68
635.3
633.73
660.78
659.56
656.45
657.12
660.87
656.13
660.9
646.83
612.48
589.61
582.06
628.62
637.61
630.38
618.25
597.79
614.34
606.25
600.7
614.66
612.72
621.35
625.77
623.24
635.14
635.98
642.9
629.25
635.44
622.69
622.36
625.8
611.97
594.89
594.97
608.42
611.29
626.91
641.47
645.44
642.36
639.16
643.61
646.67
652.3
651.16
661.74
662.2
666.1
650.28
642.61
651.79
702
712.78
708.49
712.95
716.92
710.81
721.11
722.16
728.11
731.25
733.76
724.89
728.32
735.4
731.23
717
728.96
725.3
740
738.41
756.6
755.98
748.28
748.15
750.26
742.6
767.04
762.38
752.54
766.81
763.25
762.37
751.61
749.46
738.87
747.77
743.4
758.09
749.43
739.31
747.77
750
750.31
748.4
762.51
776.6
771
758.88
741.84
742.58
743.62
726.39
714.47
716.03
726.07
700.56
714.72
694.45
701.79
698.45
706.59
725.25
711.67
713.04
699.99
730.96
742.95
752
764.65
726.95
708.01
683.57
682.74
678.11
684.12
683.11
682.4
691
708.4
697.35
704.24
700.91
706.46
695.85
699.56
705.75
705.07
697.77
718.81
718.85
712.42
710.89
695.16
693.97
705.24
712.82
726.82
730.49
728.33
736.09
737.78
737.6
742.09
740.75
738.06
735.3
733.53
744.77
750.53
744.95
749.91
745.29
737.8
745.69
740.28
739.15
736.1
743.09
751.72
753.2
759
766.61
753.93
752.67
759.14
718.77
723.15
708.14
705.84
691.02
693.01
698.21
692.36
695.7
701.43
711.12
712.9
723.18
715.29
713.31
710.83
716.49
706.23
706.63
700.32
709.74
704.24
